4.621420288085937500e+02 5.441425781250000000e+02
5.076766357421875000e+02 5.363130493164062500e+02
5.504299316406250000e+02 5.287919311523437500e+02
5.910491333007812500e+02 5.217769775390625000e+02
6.294406738281250000e+02 5.152628784179687500e+02
6.662656250000000000e+02 5.090758666992187500e+02
4.639982299804687500e+02 5.822366943359375000e+02
5.090096130371093750e+02 5.731799926757812500e+02
5.513892822265625000e+02 5.647585449218750000e+02
5.911650390625000000e+02 5.568348388671875000e+02
6.290002441406250000e+02 5.494859008789062500e+02
6.650605468750000000e+02 5.425336914062500000e+02
4.667027587890625000e+02 6.197210693359375000e+02
5.110548400878906250e+02 6.095947265625000000e+02
5.529299926757812500e+02 6.002664794921875000e+02
5.924526367187500000e+02 5.914581298828125000e+02
6.296687622070312500e+02 5.833421020507812500e+02
6.652507324218750000e+02 5.755269775390625000e+02
4.701523437500000000e+02 6.567796020507812500e+02
5.139124755859375000e+02 6.457681884765625000e+02
5.554114990234375000e+02 6.354656372070312500e+02
5.942708129882812500e+02 6.257407226562500000e+02
6.313023071289062500e+02 6.167130737304687500e+02
6.664384765625000000e+02 6.081763305664062500e+02
4.743051147460937500e+02 6.936002807617187500e+02
5.175758666992187500e+02 6.815024414062500000e+02
5.584890747070312500e+02 6.702735595703125000e+02
5.968109741210937500e+02 6.597352905273437500e+02
6.334637451171875000e+02 6.497898559570312500e+02
6.681907958984375000e+02 6.405767211914062500e+02
4.793708190917968750e+02 7.299881591796875000e+02
5.220546875000000000e+02 7.170926513671875000e+02
5.622545166015625000e+02 7.048549804687500000e+02
6.003883056640625000e+02 6.934244384765625000e+02
6.364949951171875000e+02 6.826893920898437500e+02
6.708583374023437500e+02 6.727096557617187500e+02
4.854761352539062500e+02 7.665200805664062500e+02
5.276079711914062500e+02 7.524841918945312500e+02
5.674444580078125000e+02 7.394235229492187500e+02
6.052162475585937500e+02 7.270687255859375000e+02
6.407817993164062500e+02 7.155927124023437500e+02
6.747882080078125000e+02 7.047064208984375000e+02
4.925648498535156250e+02 8.031190795898437500e+02
5.343856201171875000e+02 7.880924072265625000e+02
5.736499023437500000e+02 7.740234985351562500e+02
6.109925537109375000e+02 7.607997436523437500e+02
6.462930297851562500e+02 7.484275512695312500e+02
6.798452148437500000e+02 7.368233032226562500e+02
