2.509871520996093750e+02 4.101050109863281250e+02
3.007988586425781250e+02 4.100111389160156250e+02
3.470645751953125000e+02 4.099574890136718750e+02
3.900616455078125000e+02 4.100910034179687500e+02
4.298838195800781250e+02 4.101470947265625000e+02
4.673915405273437500e+02 4.103207702636718750e+02
2.498103942871093750e+02 4.510546875000000000e+02
2.990466918945312500e+02 4.495448303222656250e+02
3.447258300781250000e+02 4.481011352539062500e+02
3.873284606933593750e+02 4.467946472167968750e+02
4.268618164062500000e+02 4.455831298828125000e+02
4.636979064941406250e+02 4.446660461425781250e+02
2.492283172607421875e+02 4.912070312500000000e+02
2.978950500488281250e+02 4.880041198730468750e+02
3.433554687500000000e+02 4.853447875976562500e+02
3.855525512695312500e+02 4.826150207519531250e+02
4.244725646972656250e+02 4.803283996582031250e+02
4.610729675292968750e+02 4.782081298828125000e+02
2.494142913818359375e+02 5.304726562500000000e+02
2.975524291992187500e+02 5.260820312500000000e+02
3.425469055175781250e+02 5.217442016601562500e+02
3.841434631347656250e+02 5.179020996093750000e+02
4.230603637695312500e+02 5.145224609375000000e+02
4.591416625976562500e+02 5.111784057617187500e+02
2.502071380615234375e+02 5.692665405273437500e+02
2.976952514648437500e+02 5.634663696289062500e+02
3.422314758300781250e+02 5.577604980468750000e+02
3.834906311035156250e+02 5.527505493164062500e+02
4.218732910156250000e+02 5.481727905273437500e+02
4.577347717285156250e+02 5.437913208007812500e+02
2.515163421630859375e+02 6.075924072265625000e+02
2.986491394042968750e+02 6.004349975585937500e+02
3.425763854980468750e+02 5.935592651367187500e+02
3.834809570312500000e+02 5.873449707031250000e+02
4.215836791992187500e+02 5.815722656250000000e+02
4.574115600585937500e+02 5.762485351562500000e+02
2.540158538818359375e+02 6.460691528320312500e+02
3.006261901855468750e+02 6.373494873046875000e+02
3.440526733398437500e+02 6.293945922851562500e+02
3.844897766113281250e+02 6.218356323242187500e+02
4.224963989257812500e+02 6.148839111328125000e+02
4.580385437011718750e+02 6.086531372070312500e+02
2.575509643554687500e+02 6.841276245117187500e+02
3.036842651367187500e+02 6.742880249023437500e+02
3.466459655761718750e+02 6.649895019531250000e+02
3.867674255371093750e+02 6.564814453125000000e+02
4.242876586914062500e+02 6.485757446289062500e+02
4.597112121582031250e+02 6.412482299804687500e+02
