5.525975952148437500e+02 3.012159118652343750e+02
6.037203369140625000e+02 3.116022949218750000e+02
6.516270141601562500e+02 3.212504272460937500e+02
6.967755737304687500e+02 3.303137207031250000e+02
7.392966918945312500e+02 3.389908447265625000e+02
7.796935424804687500e+02 3.471736450195312500e+02
5.413778686523437500e+02 3.485905761718750000e+02
5.921873779296875000e+02 3.573584899902343750e+02
6.397901000976562500e+02 3.654310913085937500e+02
6.847328491210937500e+02 3.732400207519531250e+02
7.272671508789062500e+02 3.804596862792968750e+02
7.674572753906250000e+02 3.874111938476562500e+02
5.312819824218750000e+02 3.949637145996093750e+02
5.816607666015625000e+02 4.022614746093750000e+02
6.291647338867187500e+02 4.088057556152343750e+02
6.741140136718750000e+02 4.152602844238281250e+02
7.165196533203125000e+02 4.212118530273437500e+02
7.567294311523437500e+02 4.269548034667968750e+02
5.220937500000000000e+02 4.405303649902343750e+02
5.722360839843750000e+02 4.462972106933593750e+02
6.196810302734375000e+02 4.515960998535156250e+02
6.644208984375000000e+02 4.565512695312500000e+02
7.069212646484375000e+02 4.614404907226562500e+02
7.470084228515625000e+02 4.658956604003906250e+02
5.139788818359375000e+02 4.851410217285156250e+02
5.639632568359375000e+02 4.894168395996093750e+02
6.111334838867187500e+02 4.935116271972656250e+02
6.558674316406250000e+02 4.973633117675781250e+02
6.981353759765625000e+02 5.011713867187500000e+02
7.384728393554687500e+02 5.046891784667968750e+02
5.069412841796875000e+02 5.293482055664062500e+02
5.567078247070312500e+02 5.321794433593750000e+02
6.038697509765625000e+02 5.350782470703125000e+02
6.486042480468750000e+02 5.376809692382812500e+02
6.908809204101562500e+02 5.405561523437500000e+02
7.312472534179687500e+02 5.430698242187500000e+02
5.009049987792968750e+02 5.735313110351562500e+02
5.508480224609375000e+02 5.751491699218750000e+02
5.983586425781250000e+02 5.766008911132812500e+02
6.427537231445312500e+02 5.782960205078125000e+02
6.853388671875000000e+02 5.801088867187500000e+02
7.255755615234375000e+02 5.817075805664062500e+02
4.962929992675781250e+02 6.185079956054687500e+02
5.466080932617187500e+02 6.186447753906250000e+02
5.937019653320312500e+02 6.188831787109375000e+02
6.388281250000000000e+02 6.194028930664062500e+02
6.811068115234375000e+02 6.197907104492187500e+02
7.214397583007812500e+02 6.204745483398437500e+02
