4.925096740722656250e+02 4.277081604003906250e+02
5.163366699218750000e+02 4.273183898925781250e+02
5.413338623046875000e+02 4.267086181640625000e+02
5.676358032226562500e+02 4.262719116210937500e+02
5.955162963867187500e+02 4.255169982910156250e+02
6.246441650390625000e+02 4.248114929199218750e+02
4.965187072753906250e+02 4.522252502441406250e+02
5.202337036132812500e+02 4.522426452636718750e+02
5.450553588867187500e+02 4.523388977050781250e+02
5.712260131835937500e+02 4.523529968261718750e+02
5.989289550781250000e+02 4.523750610351562500e+02
6.280932006835937500e+02 4.524342956542968750e+02
4.996719055175781250e+02 4.763132019042968750e+02
5.233358764648437500e+02 4.768330078125000000e+02
5.481019287109375000e+02 4.774923706054687500e+02
5.741697387695312500e+02 4.782485351562500000e+02
6.014890136718750000e+02 4.787087707519531250e+02
6.304317626953125000e+02 4.796025390625000000e+02
5.021352539062500000e+02 4.999518737792968750e+02
5.256430664062500000e+02 5.012381896972656250e+02
5.502337036132812500e+02 5.023726501464843750e+02
5.762577514648437500e+02 5.035790405273437500e+02
6.035144042968750000e+02 5.051531677246093750e+02
6.323719482421875000e+02 5.066194763183593750e+02
5.040649719238281250e+02 5.234659423828125000e+02
5.275467529296875000e+02 5.251586303710937500e+02
5.521421508789062500e+02 5.267741699218750000e+02
5.780595092773437500e+02 5.288076782226562500e+02
6.051569824218750000e+02 5.310360107421875000e+02
6.337875366210937500e+02 5.333103637695312500e+02
5.051056518554687500e+02 5.469738159179687500e+02
5.285759277343750000e+02 5.492276000976562500e+02
5.532028808593750000e+02 5.515340576171875000e+02
5.790108032226562500e+02 5.539959716796875000e+02
6.061215209960937500e+02 5.567726440429687500e+02
6.346279907226562500e+02 5.595673828125000000e+02
5.053991394042968750e+02 5.703801879882812500e+02
5.287014160156250000e+02 5.732080688476562500e+02
5.532924194335937500e+02 5.759347534179687500e+02
5.790434570312500000e+02 5.791723022460937500e+02
6.062072753906250000e+02 5.825152587890625000e+02
6.346692504882812500e+02 5.861765747070312500e+02
5.045411987304687500e+02 5.938601684570312500e+02
5.280443115234375000e+02 5.970812377929687500e+02
5.525894165039062500e+02 6.006264648437500000e+02
5.783414306640625000e+02 6.043635253906250000e+02
6.055438232421875000e+02 6.083908691406250000e+02
6.340401000976562500e+02 6.126667480468750000e+02
