5.636838989257812500e+02 4.018099975585937500e+02
5.805682373046875000e+02 4.017240600585937500e+02
5.983571166992187500e+02 4.016683349609375000e+02
6.174797363281250000e+02 4.016040954589843750e+02
6.379586791992187500e+02 4.016057739257812500e+02
6.598921508789062500e+02 4.015243530273437500e+02
5.677532958984375000e+02 4.262736511230468750e+02
5.844238281250000000e+02 4.267826843261718750e+02
6.023914794921875000e+02 4.273153076171875000e+02
6.214837646484375000e+02 4.284766540527343750e+02
6.419815063476562500e+02 4.290822143554687500e+02
6.638316650390625000e+02 4.300158996582031250e+02
5.709675292968750000e+02 4.499169311523437500e+02
5.876591186523437500e+02 4.515332031250000000e+02
6.055357055664062500e+02 4.529073791503906250e+02
6.245346069335937500e+02 4.543933410644531250e+02
6.451939086914062500e+02 4.562482299804687500e+02
6.674498901367187500e+02 4.577734680175781250e+02
5.732561645507812500e+02 4.736259155273437500e+02
5.900380859375000000e+02 4.756726379394531250e+02
6.078713378906250000e+02 4.778877258300781250e+02
6.270791015625000000e+02 4.803098754882812500e+02
6.472755126953125000e+02 4.827808532714843750e+02
6.690673828125000000e+02 4.856829833984375000e+02
5.749670410156250000e+02 4.971315307617187500e+02
5.917471313476562500e+02 4.997726440429687500e+02
6.096353149414062500e+02 5.027473754882812500e+02
6.286475830078125000e+02 5.059309692382812500e+02
6.489503173828125000e+02 5.094306640625000000e+02
6.705532836914062500e+02 5.130657348632812500e+02
5.756806640625000000e+02 5.203024291992187500e+02
5.926483154296875000e+02 5.236770019531250000e+02
6.104569091796875000e+02 5.273540039062500000e+02
6.294382934570312500e+02 5.313517456054687500e+02
6.495950927734375000e+02 5.355231323242187500e+02
6.712684326171875000e+02 5.402487792968750000e+02
5.754202270507812500e+02 5.433433837890625000e+02
5.923471679687500000e+02 5.475001220703125000e+02
6.101603393554687500e+02 5.518062133789062500e+02
6.290304565429687500e+02 5.565570678710937500e+02
6.492238159179687500e+02 5.616151733398437500e+02
6.706522827148437500e+02 5.671816406250000000e+02
5.739718627929687500e+02 5.664294433593750000e+02
5.906457519531250000e+02 5.711422729492187500e+02
6.085418701171875000e+02 5.762569580078125000e+02
6.275347290039062500e+02 5.817192382812500000e+02
6.477042236328125000e+02 5.876270141601562500e+02
6.690781860351562500e+02 5.941055297851562500e+02
