2.588898010253906250e+02 1.936201934814453125e+02
2.847127380371093750e+02 1.938789978027343750e+02
3.104174804687500000e+02 1.940600891113281250e+02
3.364855651855468750e+02 1.942643890380859375e+02
3.620880737304687500e+02 1.944565124511718750e+02
3.881638488769531250e+02 1.945415344238281250e+02
2.609855651855468750e+02 2.146240844726562500e+02
2.866773376464843750e+02 2.148528137207031250e+02
3.123409729003906250e+02 2.152314605712890625e+02
3.376853027343750000e+02 2.154320678710937500e+02
3.633495788574218750e+02 2.156609039306640625e+02
3.889210510253906250e+02 2.159282684326171875e+02
2.630263977050781250e+02 2.354263763427734375e+02
2.882552795410156250e+02 2.355888214111328125e+02
3.136481323242187500e+02 2.358008880615234375e+02
3.389456787109375000e+02 2.362015838623046875e+02
3.644978942871093750e+02 2.363761138916015625e+02
3.896795959472656250e+02 2.366639251708984375e+02
2.643951416015625000e+02 2.556899871826171875e+02
2.896291198730468750e+02 2.561214904785156250e+02
3.148694458007812500e+02 2.563344726562500000e+02
3.400209655761718750e+02 2.564635009765625000e+02
3.652305297851562500e+02 2.566821289062500000e+02
3.903354187011718750e+02 2.568908996582031250e+02
2.657281799316406250e+02 2.757016906738281250e+02
2.908150329589843750e+02 2.758341674804687500e+02
3.159052734375000000e+02 2.762364807128906250e+02
3.407684326171875000e+02 2.764251708984375000e+02
3.658430786132812500e+02 2.766353149414062500e+02
3.907653808593750000e+02 2.771843872070312500e+02
2.666076965332031250e+02 2.954396972656250000e+02
2.916813964843750000e+02 2.955958557128906250e+02
3.164506530761718750e+02 2.956947326660156250e+02
3.414453735351562500e+02 2.961650695800781250e+02
3.664544372558593750e+02 2.964586486816406250e+02
3.914674987792968750e+02 2.966358642578125000e+02
2.673616638183593750e+02 3.146676330566406250e+02
2.922508850097656250e+02 3.149103393554687500e+02
3.169844970703125000e+02 3.152115478515625000e+02
3.421195983886718750e+02 3.154143371582031250e+02
3.667385253906250000e+02 3.155979614257812500e+02
3.915855102539062500e+02 3.163994445800781250e+02
2.676409912109375000e+02 3.337688293457031250e+02
2.924749145507812500e+02 3.341148986816406250e+02
3.172113037109375000e+02 3.344094543457031250e+02
3.421459045410156250e+02 3.345885009765625000e+02
3.668061218261718750e+02 3.350235595703125000e+02
3.915491333007812500e+02 3.354696960449218750e+02
