4.951671447753906250e+02 4.645371093750000000e+02
5.172094726562500000e+02 4.649072875976562500e+02
5.394158935546875000e+02 4.654402770996093750e+02
5.619188232421875000e+02 4.655589599609375000e+02
5.845429077148437500e+02 4.657229919433593750e+02
6.077266235351562500e+02 4.660720214843750000e+02
4.956253662109375000e+02 4.815885009765625000e+02
5.175814208984375000e+02 4.819491577148437500e+02
5.397024536132812500e+02 4.823009643554687500e+02
5.621453247070312500e+02 4.825093383789062500e+02
5.845719604492187500e+02 4.828086853027343750e+02
6.076105957031250000e+02 4.834325561523437500e+02
4.960388793945312500e+02 4.983426513671875000e+02
5.178174438476562500e+02 4.986390075683593750e+02
5.398646850585937500e+02 4.991215515136718750e+02
5.621995239257812500e+02 4.995556945800781250e+02
5.845650024414062500e+02 4.999360351562500000e+02
6.075255126953125000e+02 5.004659423828125000e+02
4.962239685058593750e+02 5.149369506835937500e+02
5.179140625000000000e+02 5.154895629882812500e+02
5.398631591796875000e+02 5.158378906250000000e+02
5.621103515625000000e+02 5.164351806640625000e+02
5.844250488281250000e+02 5.171776123046875000e+02
6.072749023437500000e+02 5.175796508789062500e+02
4.961480712890625000e+02 5.316143798828125000e+02
5.177955322265625000e+02 5.321343383789062500e+02
5.397526855468750000e+02 5.327163085937500000e+02
5.619196777343750000e+02 5.334731445312500000e+02
5.842122802734375000e+02 5.338848876953125000e+02
6.067719726562500000e+02 5.345491943359375000e+02
4.957752075195312500e+02 5.482971191406250000e+02
5.175362548828125000e+02 5.489290161132812500e+02
5.394815063476562500e+02 5.495311889648437500e+02
5.615715942382812500e+02 5.501802368164062500e+02
5.837755126953125000e+02 5.510167236328125000e+02
6.064572753906250000e+02 5.516679687500000000e+02
4.953528442382812500e+02 5.651785888671875000e+02
5.170245971679687500e+02 5.656696777343750000e+02
5.387965087890625000e+02 5.663472290039062500e+02
5.611394042968750000e+02 5.672941284179687500e+02
5.834071044921875000e+02 5.679688110351562500e+02
6.060590820312500000e+02 5.688834838867187500e+02
4.946179504394531250e+02 5.818037719726562500e+02
5.163505249023437500e+02 5.825245971679687500e+02
5.382039794921875000e+02 5.835086059570312500e+02
5.603345336914062500e+02 5.843441162109375000e+02
5.829046630859375000e+02 5.852606201171875000e+02
6.054086914062500000e+02 5.862853393554687500e+02
