4.501608886718750000e+02 5.349953613281250000e+02
4.968839111328125000e+02 5.376427001953125000e+02
5.446978149414062500e+02 5.407186889648437500e+02
5.947718505859375000e+02 5.437431640625000000e+02
6.465755615234375000e+02 5.474132080078125000e+02
7.006948852539062500e+02 5.507171630859375000e+02
4.526912536621093750e+02 5.691342773437500000e+02
4.987383422851562500e+02 5.725041503906250000e+02
5.465630493164062500e+02 5.758068237304687500e+02
5.955719604492187500e+02 5.796779174804687500e+02
6.464896240234375000e+02 5.834923706054687500e+02
6.995405883789062500e+02 5.875512695312500000e+02
4.547866516113281250e+02 6.030855712890625000e+02
5.005238037109375000e+02 6.065629882812500000e+02
5.474559326171875000e+02 6.104796142578125000e+02
5.961376342773437500e+02 6.148223876953125000e+02
6.462873535156250000e+02 6.193252563476562500e+02
6.981903686523437500e+02 6.238412475585937500e+02
4.564174499511718750e+02 6.365009155273437500e+02
5.014929809570312500e+02 6.405733642578125000e+02
5.480404663085937500e+02 6.451791381835937500e+02
5.959564208984375000e+02 6.495775756835937500e+02
6.455613403320312500e+02 6.544902343750000000e+02
6.967138671875000000e+02 6.594350585937500000e+02
4.573955383300781250e+02 6.696546630859375000e+02
5.022738952636718750e+02 6.741897583007812500e+02
5.482637939453125000e+02 6.789284057617187500e+02
5.957700805664062500e+02 6.840800170898437500e+02
6.447479858398437500e+02 6.893656005859375000e+02
6.952679443359375000e+02 6.946208496093750000e+02
4.576356811523437500e+02 7.026614990234375000e+02
5.023231201171875000e+02 7.076456909179687500e+02
5.479307250976562500e+02 7.126611328125000000e+02
5.950327758789062500e+02 7.180910644531250000e+02
6.434542846679687500e+02 7.237582397460937500e+02
6.933526000976562500e+02 7.296041870117187500e+02
4.574906921386718750e+02 7.356555786132812500e+02
5.016917114257812500e+02 7.411183471679687500e+02
5.471398925781250000e+02 7.465769653320312500e+02
5.937289428710937500e+02 7.524359741210937500e+02
6.418686523437500000e+02 7.584589843750000000e+02
6.913956298828125000e+02 7.647317504882812500e+02
4.566336059570312500e+02 7.691035156250000000e+02
5.006920776367187500e+02 7.748178710937500000e+02
5.457968139648437500e+02 7.806400146484375000e+02
5.923005371093750000e+02 7.868950805664062500e+02
6.399761352539062500e+02 7.933820190429687500e+02
6.891718750000000000e+02 8.002456054687500000e+02
