3.436962280273437500e+02 1.642255096435546875e+02
3.934648132324218750e+02 1.660797729492187500e+02
4.406365356445312500e+02 1.677478179931640625e+02
4.859203186035156250e+02 1.694243164062500000e+02
5.294149780273437500e+02 1.708674621582031250e+02
5.711638183593750000e+02 1.725365753173828125e+02
3.463580017089843750e+02 2.066651153564453125e+02
3.947969055175781250e+02 2.076493377685546875e+02
4.411582641601562500e+02 2.083311157226562500e+02
4.854509582519531250e+02 2.093040771484375000e+02
5.280083618164062500e+02 2.099470825195312500e+02
5.689474487304687500e+02 2.104524383544921875e+02
3.492179870605468750e+02 2.476165313720703125e+02
3.965046997070312500e+02 2.475182952880859375e+02
4.420600891113281250e+02 2.474405364990234375e+02
4.856847839355468750e+02 2.473866577148437500e+02
5.273615112304687500e+02 2.472745361328125000e+02
5.675578002929687500e+02 2.472977294921875000e+02
3.522569580078125000e+02 2.868430786132812500e+02
3.990073242187500000e+02 2.862646484375000000e+02
4.435086059570312500e+02 2.850989990234375000e+02
4.862502136230468750e+02 2.844097595214843750e+02
5.273547973632812500e+02 2.835071105957031250e+02
5.666760864257812500e+02 2.827190246582031250e+02
3.555831298828125000e+02 3.250010986328125000e+02
4.014777526855468750e+02 3.234621276855468750e+02
4.453445739746093750e+02 3.218230590820312500e+02
4.874021301269531250e+02 3.202257385253906250e+02
5.276787109375000000e+02 3.186818237304687500e+02
5.665748901367187500e+02 3.173248901367187500e+02
3.593838195800781250e+02 3.620969543457031250e+02
4.046802062988281250e+02 3.595793457031250000e+02
4.476130371093750000e+02 3.573883666992187500e+02
4.889118957519531250e+02 3.551521606445312500e+02
5.286972045898437500e+02 3.529516601562500000e+02
5.670333251953125000e+02 3.508818969726562500e+02
3.640725097656250000e+02 3.983040161132812500e+02
4.082778015136718750e+02 3.950668945312500000e+02
4.508287048339843750e+02 3.919636535644531250e+02
4.914967346191406250e+02 3.893731079101562500e+02
5.306398925781250000e+02 3.865793457031250000e+02
5.684450683593750000e+02 3.840780029296875000e+02
3.687646179199218750e+02 4.335268859863281250e+02
4.125994262695312500e+02 4.296919555664062500e+02
4.544686279296875000e+02 4.262304077148437500e+02
4.947003173828125000e+02 4.226703491210937500e+02
5.330928955078125000e+02 4.194999389648437500e+02
5.704636230468750000e+02 4.162286376953125000e+02
