4.177303771972656250e+02 3.685030212402343750e+02
4.554186401367187500e+02 3.678520202636718750e+02
4.898289184570312500e+02 3.671710510253906250e+02
5.213571777343750000e+02 3.665052490234375000e+02
5.502568359375000000e+02 3.658772583007812500e+02
5.774670410156250000e+02 3.653815612792968750e+02
4.146455688476562500e+02 4.109037170410156250e+02
4.520009155273437500e+02 4.080613708496093750e+02
4.858327331542968750e+02 4.056896972656250000e+02
5.168317260742187500e+02 4.036179504394531250e+02
5.458046875000000000e+02 4.016029357910156250e+02
5.723726196289062500e+02 3.997638244628906250e+02
4.134573059082031250e+02 4.512150268554687500e+02
4.502240905761718750e+02 4.470896606445312500e+02
4.835109863281250000e+02 4.431882019042968750e+02
5.142158203125000000e+02 4.396024475097656250e+02
5.424801025390625000e+02 4.363358154296875000e+02
5.687589721679687500e+02 4.334032592773437500e+02
4.131447143554687500e+02 4.907010498046875000e+02
4.491401977539062500e+02 4.849256896972656250e+02
4.821594848632812500e+02 4.795824584960937500e+02
5.124946289062500000e+02 4.745699157714843750e+02
5.404300537109375000e+02 4.702533874511718750e+02
5.662872314453125000e+02 4.660064086914062500e+02
4.135920410156250000e+02 5.293850708007812500e+02
4.490632629394531250e+02 5.219083251953125000e+02
4.816102905273437500e+02 5.151550903320312500e+02
5.115359497070312500e+02 5.088428344726562500e+02
5.391522827148437500e+02 5.032812194824218750e+02
5.650014648437500000e+02 4.978779907226562500e+02
4.152756347656250000e+02 5.674097900390625000e+02
4.503113403320312500e+02 5.583258666992187500e+02
4.821873474121093750e+02 5.501417846679687500e+02
5.117451782226562500e+02 5.425236816406250000e+02
5.390950317382812500e+02 5.356718139648437500e+02
5.646624145507812500e+02 5.294161376953125000e+02
4.181375732421875000e+02 6.051837158203125000e+02
4.526462097167968750e+02 5.944649658203125000e+02
4.845226440429687500e+02 5.847000122070312500e+02
5.135473632812500000e+02 5.758317871093750000e+02
5.406441650390625000e+02 5.678977050781250000e+02
5.658134765625000000e+02 5.605602416992187500e+02
4.231417236328125000e+02 6.424002075195312500e+02
4.569502868652343750e+02 6.302158813476562500e+02
4.879841918945312500e+02 6.193439331054687500e+02
5.167227172851562500e+02 6.092598266601562500e+02
5.435015869140625000e+02 5.999581909179687500e+02
5.683351440429687500e+02 5.915607910156250000e+02
