4.427105407714843750e+02 4.755576171875000000e+02
4.763793334960937500e+02 4.762873229980468750e+02
5.101564941406250000e+02 4.766240844726562500e+02
5.444145507812500000e+02 4.770951232910156250e+02
5.792034912109375000e+02 4.774469299316406250e+02
6.145837402343750000e+02 4.778790283203125000e+02
4.445648498535156250e+02 5.007496948242187500e+02
4.776378173828125000e+02 5.014877624511718750e+02
5.112221069335937500e+02 5.018012695312500000e+02
5.451036376953125000e+02 5.025068664550781250e+02
5.794956665039062500e+02 5.032575683593750000e+02
6.145568847656250000e+02 5.036954040527343750e+02
4.455270080566406250e+02 5.256237792968750000e+02
4.786438598632812500e+02 5.264080810546875000e+02
5.118948669433593750e+02 5.269176635742187500e+02
5.456115722656250000e+02 5.276730957031250000e+02
5.797158203125000000e+02 5.285629272460937500e+02
6.144900512695312500e+02 5.294147338867187500e+02
4.463543090820312500e+02 5.504049682617187500e+02
4.793067626953125000e+02 5.513414916992187500e+02
5.124983520507812500e+02 5.520040893554687500e+02
5.459642944335937500e+02 5.528123168945312500e+02
5.797824096679687500e+02 5.538467407226562500e+02
6.144017944335937500e+02 5.548839721679687500e+02
4.468021545410156250e+02 5.751734008789062500e+02
4.796093139648437500e+02 5.760207519531250000e+02
5.127192382812500000e+02 5.768500976562500000e+02
5.461889648437500000e+02 5.780258789062500000e+02
5.798195800781250000e+02 5.792796020507812500e+02
6.142980346679687500e+02 5.803606567382812500e+02
4.470243225097656250e+02 5.997378540039062500e+02
4.796211853027343750e+02 6.008977050781250000e+02
5.126927490234375000e+02 6.017993774414062500e+02
5.461272583007812500e+02 6.031997070312500000e+02
5.797219848632812500e+02 6.045262451171875000e+02
6.140602416992187500e+02 6.058051757812500000e+02
4.467690734863281250e+02 6.246354370117187500e+02
4.794643249511718750e+02 6.260306396484375000e+02
5.124992675781250000e+02 6.271936035156250000e+02
5.456929321289062500e+02 6.285055541992187500e+02
5.794405517578125000e+02 6.298132324218750000e+02
6.135728149414062500e+02 6.315107421875000000e+02
4.462709960937500000e+02 6.499686889648437500e+02
4.788953857421875000e+02 6.513255004882812500e+02
5.118756408691406250e+02 6.526608886718750000e+02
5.450987548828125000e+02 6.542830810546875000e+02
5.787275390625000000e+02 6.556788330078125000e+02
6.129835815429687500e+02 6.574599609375000000e+02
