5.060126342773437500e+02 2.376764373779296875e+02
5.391726684570312500e+02 2.327293243408203125e+02
5.735043945312500000e+02 2.275162658691406250e+02
6.094636840820312500e+02 2.221141967773437500e+02
6.466319580078125000e+02 2.165408935546875000e+02
6.855499877929687500e+02 2.107546234130859375e+02
5.067523193359375000e+02 2.663613891601562500e+02
5.398333129882812500e+02 2.619738769531250000e+02
5.743272705078125000e+02 2.574261474609375000e+02
6.099787597656250000e+02 2.525566864013671875e+02
6.471278076171875000e+02 2.476367645263671875e+02
6.856140747070312500e+02 2.424769744873046875e+02
5.069535217285156250e+02 2.945850830078125000e+02
5.402460327148437500e+02 2.907474365234375000e+02
5.744289550781250000e+02 2.867247924804687500e+02
6.100592651367187500e+02 2.824932556152343750e+02
6.469704589843750000e+02 2.781438293457031250e+02
6.856234130859375000e+02 2.735028076171875000e+02
5.066936340332031250e+02 3.226430664062500000e+02
5.397182617187500000e+02 3.193728942871093750e+02
5.740305786132812500e+02 3.157599487304687500e+02
6.095345458984375000e+02 3.121474914550781250e+02
6.464531250000000000e+02 3.083808288574218750e+02
6.850279541015625000e+02 3.044081115722656250e+02
5.058642272949218750e+02 3.504825744628906250e+02
5.388327636718750000e+02 3.475549011230468750e+02
5.732418212890625000e+02 3.446464843750000000e+02
6.088666381835937500e+02 3.414827270507812500e+02
6.457014770507812500e+02 3.382544860839843750e+02
6.842950439453125000e+02 3.350901794433593750e+02
5.042579345703125000e+02 3.783254699707031250e+02
5.375156860351562500e+02 3.757133483886718750e+02
5.717314453125000000e+02 3.733519897460937500e+02
6.074708251953125000e+02 3.705926513671875000e+02
6.445218505859375000e+02 3.681984558105468750e+02
6.829268798828125000e+02 3.653117370605468750e+02
5.023115539550781250e+02 4.056526184082031250e+02
5.354302368164062500e+02 4.037120666503906250e+02
5.696819458007812500e+02 4.017184448242187500e+02
6.053696289062500000e+02 3.996430664062500000e+02
6.424240112304687500e+02 3.975441894531250000e+02
6.808536376953125000e+02 3.954130249023437500e+02
4.993253173828125000e+02 4.329246520996093750e+02
5.324954833984375000e+02 4.314107055664062500e+02
5.667967529296875000e+02 4.301085815429687500e+02
6.024918212890625000e+02 4.286221923828125000e+02
6.397471313476562500e+02 4.269482727050781250e+02
6.786013793945312500e+02 4.253919677734375000e+02
