4.462386474609375000e+02 3.475347900390625000e+02
4.980866394042968750e+02 3.514801635742187500e+02
5.480545043945312500e+02 3.548197631835937500e+02
5.956648559570312500e+02 3.580016784667968750e+02
6.417529907226562500e+02 3.612073364257812500e+02
6.863548583984375000e+02 3.641162414550781250e+02
4.388924865722656250e+02 3.878267822265625000e+02
4.896585388183593750e+02 3.905898437500000000e+02
5.383024291992187500e+02 3.933109436035156250e+02
5.850671386718750000e+02 3.955327148437500000e+02
6.301415405273437500e+02 3.978972167968750000e+02
6.737536621093750000e+02 4.001361389160156250e+02
4.323671875000000000e+02 4.264628906250000000e+02
4.818957519531250000e+02 4.283928222656250000e+02
5.296626586914062500e+02 4.302201843261718750e+02
5.755485229492187500e+02 4.316293945312500000e+02
6.195132446289062500e+02 4.333027648925781250e+02
6.624595336914062500e+02 4.345415039062500000e+02
4.265097045898437500e+02 4.634419860839843750e+02
4.752729492187500000e+02 4.644290466308593750e+02
5.217790527343750000e+02 4.656183471679687500e+02
5.666794433593750000e+02 4.664419860839843750e+02
6.101413574218750000e+02 4.675363464355468750e+02
6.521784057617187500e+02 4.682927551269531250e+02
4.209837036132812500e+02 4.993700561523437500e+02
4.689367980957031250e+02 4.995289306640625000e+02
5.147614135742187500e+02 4.997946166992187500e+02
5.591128540039062500e+02 5.002864379882812500e+02
6.015393676757812500e+02 5.005036010742187500e+02
6.431286621093750000e+02 5.009506530761718750e+02
4.161538085937500000e+02 5.342791748046875000e+02
4.633672485351562500e+02 5.337490234375000000e+02
5.085118408203125000e+02 5.334512329101562500e+02
5.522352294921875000e+02 5.330679321289062500e+02
5.941702880859375000e+02 5.327951049804687500e+02
6.348793334960937500e+02 5.327003173828125000e+02
4.116346740722656250e+02 5.688704833984375000e+02
4.583690490722656250e+02 5.675745849609375000e+02
5.032056274414062500e+02 5.665054931640625000e+02
5.461880493164062500e+02 5.656002807617187500e+02
5.876989135742187500e+02 5.647418212890625000e+02
6.280870971679687500e+02 5.643070068359375000e+02
4.079721679687500000e+02 6.033486938476562500e+02
4.542181091308593750e+02 6.013980712890625000e+02
4.983596801757812500e+02 5.995784912109375000e+02
5.411603393554687500e+02 5.980919189453125000e+02
5.823079223632812500e+02 5.965722656250000000e+02
6.221401367187500000e+02 5.956656494140625000e+02
