4.781238708496093750e+02 3.865144653320312500e+02
5.043396911621093750e+02 3.865773315429687500e+02
5.304948730468750000e+02 3.865849914550781250e+02
5.560406494140625000e+02 3.865807495117187500e+02
5.812208251953125000e+02 3.865688171386718750e+02
6.057636108398437500e+02 3.865175170898437500e+02
4.774967956542968750e+02 4.074562683105468750e+02
5.036458129882812500e+02 4.074353637695312500e+02
5.295119628906250000e+02 4.072810363769531250e+02
5.547453613281250000e+02 4.071596679687500000e+02
5.797200927734375000e+02 4.068383483886718750e+02
6.043132324218750000e+02 4.066434936523437500e+02
4.773584289550781250e+02 4.283659362792968750e+02
5.033763732910156250e+02 4.278363037109375000e+02
5.287062988281250000e+02 4.274723205566406250e+02
5.538814697265625000e+02 4.271897277832031250e+02
5.784281005859375000e+02 4.267944335937500000e+02
6.027924804687500000e+02 4.264977722167968750e+02
4.773094177246093750e+02 4.485600585937500000e+02
5.032071228027343750e+02 4.480909729003906250e+02
5.284021606445312500e+02 4.475581970214843750e+02
5.532730712890625000e+02 4.471179809570312500e+02
5.776986083984375000e+02 4.465165100097656250e+02
6.018044433593750000e+02 4.460521545410156250e+02
4.773866271972656250e+02 4.686950073242187500e+02
5.031169738769531250e+02 4.680919494628906250e+02
5.281947021484375000e+02 4.675419921875000000e+02
5.528071289062500000e+02 4.665692443847656250e+02
5.771793212890625000e+02 4.660432434082031250e+02
6.010018310546875000e+02 4.654394531250000000e+02
4.777667541503906250e+02 4.887510375976562500e+02
5.032686462402343750e+02 4.876061706542968750e+02
5.281344604492187500e+02 4.869113464355468750e+02
5.527393188476562500e+02 4.860740661621093750e+02
5.768312988281250000e+02 4.853437805175781250e+02
6.005598754882812500e+02 4.844638366699218750e+02
4.785292358398437500e+02 5.084585571289062500e+02
5.036774597167968750e+02 5.074365539550781250e+02
5.285264892578125000e+02 5.065048522949218750e+02
5.529331054687500000e+02 5.053769531250000000e+02
5.769721069335937500e+02 5.044060058593750000e+02
6.005392456054687500e+02 5.035047912597656250e+02
4.794221496582031250e+02 5.284140014648437500e+02
5.044293823242187500e+02 5.269107055664062500e+02
5.293117675781250000e+02 5.258728027343750000e+02
5.535627441406250000e+02 5.246587524414062500e+02
5.775416259765625000e+02 5.235344238281250000e+02
6.009511108398437500e+02 5.225302734375000000e+02
