4.738600769042968750e+02 3.274945983886718750e+02
4.957551879882812500e+02 3.275595703125000000e+02
5.177987670898437500e+02 3.276716613769531250e+02
5.398067626953125000e+02 3.277954406738281250e+02
5.620352783203125000e+02 3.280428771972656250e+02
5.840629882812500000e+02 3.282311401367187500e+02
4.743286743164062500e+02 3.444984741210937500e+02
4.961987915039062500e+02 3.446525878906250000e+02
5.180102539062500000e+02 3.447879333496093750e+02
5.397008056640625000e+02 3.449220581054687500e+02
5.616215209960937500e+02 3.451399536132812500e+02
5.835635375976562500e+02 3.452534484863281250e+02
4.746241455078125000e+02 3.612803649902343750e+02
4.963216552734375000e+02 3.614171752929687500e+02
5.179383544921875000e+02 3.615642089843750000e+02
5.395505371093750000e+02 3.616930847167968750e+02
5.613522338867187500e+02 3.619848937988281250e+02
5.831838989257812500e+02 3.621952819824218750e+02
4.749310913085937500e+02 3.778444824218750000e+02
4.964299011230468750e+02 3.781380004882812500e+02
5.178673706054687500e+02 3.784091186523437500e+02
5.393698730468750000e+02 3.785157165527343750e+02
5.608355102539062500e+02 3.786483459472656250e+02
5.826145019531250000e+02 3.789002075195312500e+02
4.751455383300781250e+02 3.943863830566406250e+02
4.965088195800781250e+02 3.945586547851562500e+02
5.177775268554687500e+02 3.949429321289062500e+02
5.390388183593750000e+02 3.950660705566406250e+02
5.604677124023437500e+02 3.952323913574218750e+02
5.820398559570312500e+02 3.954346923828125000e+02
4.752375793457031250e+02 4.106624755859375000e+02
4.964344482421875000e+02 4.107984924316406250e+02
5.175708007812500000e+02 4.109273071289062500e+02
5.386105957031250000e+02 4.111995849609375000e+02
5.600318603515625000e+02 4.114458923339843750e+02
5.814412231445312500e+02 4.116562500000000000e+02
4.750828247070312500e+02 4.268436279296875000e+02
4.963963623046875000e+02 4.270869445800781250e+02
5.173297119140625000e+02 4.272330322265625000e+02
5.384451293945312500e+02 4.273659362792968750e+02
5.596431884765625000e+02 4.275936279296875000e+02
5.810208740234375000e+02 4.279287109375000000e+02
4.753368530273437500e+02 4.428183898925781250e+02
4.964333190917968750e+02 4.435145568847656250e+02
5.167388916015625000e+02 4.435647888183593750e+02
5.380376586914062500e+02 4.434621276855468750e+02
5.593161621093750000e+02 4.435583496093750000e+02
5.804777221679687500e+02 4.442317199707031250e+02
